0:136261,201350,266321,331167,396011,460704,525242,589800,654154,719021,783713,848410,913006,977589,
1:136263,201352,266323,331169,396012,460705,525243,589801,654156,719023,783715,848412,913008,977591,
2:136265,201354,266325,331171,396015,460708,525246,589804,654158,719026,783717,848415,913010,977593,
3:136269,201358,266329,331175,396018,460712,525250,589807,719029,783721,848418,913014,977597,
4:
5:136272,201360,266332,331178,460714,525252,654164,719031,977600,
6:136271,201360,266332,331177,396021,460714,525252,589810,654164,719031,783724,848509,913016,977599,
7:136272,201360,266332,331178,396022,460715,525252,589810,654165,719032,783724,848422,913017,977600,
8:136273,201361,266334,331179,396023,460716,525254,589812,654166,719033,783725,848423,913018,977601,
9:136275,201363,266335,331181,396024,460717,525255,589813,654168,719035,783727,848424,913020,977602,
10:136277,201365,266337,331183,396026,460719,525257,589815,654170,719037,783729,848426,913022,977604,
11:136280,201368,266340,331186,396029,460722,525260,589818,654173,719040,783732,848429,913024,977607,
12:
13:
14:136284,201372,266344,331190,396034,460726,525264,589823,654177,719044,783737,848433,913029,977611,
15:136284,201372,266345,331190,396034,460726,525265,589823,654177,719044,783737,848433,913029,977612,
