0:84182,150236,215108,280009,344825,409728,474422,538980,603247,667854,732692,797363,861902,926563,
1:84184,150237,215110,280011,344827,409730,474424,538982,603250,667856,732693,797365,861904,926565,
2:84187,150240,215113,280014,344830,409733,474427,538985,603252,667859,732696,797367,861907,926568,
3:84190,150244,215116,280017,344833,409736,474430,538987,603255,647195,707400,708240,732699,797348,861909,926572,
4:
5:84193,150247,215118,280021,344835,409740,474433,538991,603258,667863,732702,861912,926575,
6:84192,150245,215117,280019,344834,409738,474432,538990,603257,667863,732700,797373,861911,926573,
7:84193,150247,215119,280021,344835,409739,474432,538991,603258,667865,732702,797375,861913,926574,
8:84194,150248,215120,280022,344837,409741,474434,538993,603259,667867,732704,797376,861914,926576,
9:84196,150250,215121,280024,344838,409743,474436,538994,603261,667868,732705,797377,861916,926578,
10:84198,150252,215123,280026,344840,409745,474438,538996,603263,667871,732707,797379,861918,926580,
11:84201,150256,215127,280029,344844,409748,474442,539000,603267,667875,732710,797383,861922,926583,
12:
13:649590,650102,650627,651323,667892,
14:84205,150258,215129,280032,344846,409751,474444,539002,603269,667876,732713,797386,861924,926586,
15:84205,150258,215130,280032,344847,409751,474444,539003,603269,667877,732713,797386,861925,926586,
